2026-09-09,9.847,10.368,9.8,10.15
2026-09-10,10.233,10.34,9.949,10.066
2026-09-11,10.21,10.474,9.981,10.3
2026-09-14,10.295,11.112,10.234,10.825
2026-09-15,10.906,11.333,10.579,10.698
2026-09-16,10.743,10.827,10.411,10.554
2026-09-17,10.598,10.781,10.417,10.471
2026-09-18,10.53,10.65,10.001,10.16
2026-09-19,10.257,10.22,10.135,10.152
2026-09-20,10.257,10.178,10.143,10.178
2026-09-21,10.257,10.289,9.93,9.977
2026-09-22,9.931,10.128,9.92,10.04
2026-09-23,10.043,10.125,9.45,9.762
2026-09-24,9.765,9.777,9.401,9.413
2026-09-25,9.43,9.439,8.931,9.024
2026-09-26,9.0,9.009,8.938,9.009
2026-09-27,9.0,9.036,8.992,9.013
2026-09-28,9.0,9.088,8.667,8.815
2026-09-29,8.836,9.051,8.524,8.86
2026-09-30,8.894,8.905,8.681,8.832
2026-10-01,8.856,8.856,8.533,8.541
2026-10-02,8.541,8.587,8.342,8.432
2026-10-03,8.432,8.459,8.401,8.453
2026-10-04,8.432,8.463,8.378,8.463
2026-10-05,8.432,8.85,8.294,8.583
2026-10-06,8.588,9.486,8.488,9.396
2026-10-07,9.4,9.743,9.217,9.247
2026-10-08,9.247,9.247,8.922,9.155
2026-10-09,9.185,9.59,9.112,9.521
