0.3646563037261086
0.7401082893440913
3.620494011631118
2.251976533298329
2.0024285582435697
6.52111618834335
3.64908354113754
2.720081914459654
4.3247725657313705
3.0486429293116157
7.047286726086053
9.356199385839302
6.2876424862698475
6.163164974901879
3.747093321160052
7.709782598313063
9.13349936476621
8.545401402566364
0.005048120519859367
7.289600089620794
5.798174200047738
1.9083643248122895
3.6199822724187545
0.06746486505267657
5.823660555357706
4.593182628949963
1.8067836078767396
4.922791894203535
6.944091967200608
0.5623416033269812
9.99799248232195
6.8378391461874
8.129964883733964
7.397189954488967
4.812867568457002
6.22002729301887
8.582467142210398
3.2134185093656886
1.527457416900343
3.9677550943615114
5.4788475439577935
1.8017005431985444
9.049726251354588
6.203444477291441
1.8466786620184739
6.034808116951416
3.6827989493607474
5.080350297413069
5.706032007638879
4.987571173266544
